<app-barchart id="chart0"  [selector]="'#chart0'" [title]="'Left Shoulder Elevation'" [data]="[
{ 'video_year': 2021, 'video_month': 9, 'percent_green': 0.6437994722955145,  'percent_yellow': 0.35620052770448546,  'percent_red': 0},
{ 'video_year': 2021, 'video_month': 10, 'percent_green': 0.33801540552786585, 'percent_yellow': 0.24920706841866785,  'percent_red': 0.4127775260534662 },
{ 'video_year': 2021, 'video_month': 11, 'percent_green': 0.39681637293917,    'percent_yellow': 0.549175667993178,    'percent_red': 0.05400795906765208 },
{ 'video_year': 2022, 'video_month': 1, 'percent_green': 0.7893611968653527,  'percent_yellow': 0.1862977914984564,   'percent_red': 0.02434101163619093 },
{ 'video_year': 2022, 'video_month': 2, 'percent_green': 0.27847005683130194, 'percent_yellow': 0.19828658857692494,  'percent_red': 0.5232433545917733 },
{ 'video_year': 2022, 'video_month': 3, 'percent_green': 0.6239431856611432,  'percent_yellow': 0.35306053432532974,  'percent_red': 0.022996280013527225 },
]"></app-barchart>
<app-barchart id="chart1" [selector]="'#chart1'" [title]="'Right Shoulder Elevation'" [data]="[
{ 'video_year': 2021, 'video_month': 11, 'percent_green': 0.33,    'percent_yellow': 0.45,    'percent_red': 0.04 },
{ 'video_year': 2022, 'video_month': 1, 'percent_green': 0.78,  'percent_yellow': 0.17,   'percent_red': 0.01 },
{ 'video_year': 2022, 'video_month': 2, 'percent_green': 0.08, 'percent_yellow': 0.05,  'percent_red': 0.15 },
{ 'video_year': 2022, 'video_month': 3, 'percent_green': 0.40,  'percent_yellow': 0.24,  'percent_red': 0.03 },
{ 'video_year': 2022, 'video_month': 4, 'percent_green': 0.38,  'percent_yellow': 0.30,  'percent_red': 0.02 },
{ 'video_year': 2022, 'video_month': 5, 'percent_green': 0.43,  'percent_yellow': 0.17,  'percent_red': 0.01 },
{ 'video_year': 2022, 'video_month': 6, 'percent_green': 0.20,  'percent_yellow': 0.67,  'percent_red': 0.07 },
{ 'video_year': 2022, 'video_month': 7, 'percent_green': 0.99,  'percent_yellow': 0,  'percent_red': 0 },
{ 'video_year': 2022, 'video_month': 8, 'percent_green': 0.64,  'percent_yellow': 0.12,  'percent_red': 0.02 },
{ 'video_year': 2022, 'video_month': 9, 'percent_green': 0.58,  'percent_yellow': 0.21,  'percent_red': 0.01 },
{ 'video_year': 2022, 'video_month': 10, 'percent_green': 0.89,  'percent_yellow': 0.00,  'percent_red': 0.02 },
{ 'video_year': 2022, 'video_month': 11, 'percent_green': 0.81,  'percent_yellow': 0.08,  'percent_red': 0.00 },
]"></app-barchart>
<app-barchart id="chart2" [selector]="'#chart2'" [title]="'Trunk Extension'" [data]="[
{ 'video_year': 2000, 'video_month': 1, 'percent_green': 0.3638428226862639, 'percent_yellow': 0.08361525894838102, 'percent_red': 0.5525419183653552},
{ 'video_year': 2000, 'video_month': 2, 'percent_green': 0.00902520682984954, 'percent_yellow': 0.586261387909211, 'percent_red': 0.40471340526093946},
{ 'video_year': 2000, 'video_month': 3, 'percent_green': 0.44263739939475877, 'percent_yellow': 0.39807548163844714, 'percent_red': 0.1592871189667941},
{ 'video_year': 2000, 'video_month': 4, 'percent_green': 0.2914858550985069, 'percent_yellow': 0.3603580612613806, 'percent_red': 0.3481560836401125},
{ 'video_year': 2000, 'video_month': 5, 'percent_green': 0.5573003882898475, 'percent_yellow': 0.12673144886620333, 'percent_red': 0.31596816284394913},
{ 'video_year': 2000, 'video_month': 6, 'percent_green': 0.38720583393445296, 'percent_yellow': 0.6051981977387461, 'percent_red': 0.007595968326800958},
{ 'video_year': 2000, 'video_month': 7, 'percent_green': 0.11557070917669944, 'percent_yellow': 0.8776366325962505, 'percent_red': 0.006792658227050094},
{ 'video_year': 2000, 'video_month': 8, 'percent_green': 0.3976383963322589, 'percent_yellow': 0.4746570979078659, 'percent_red': 0.1277045057598752},
{ 'video_year': 2000, 'video_month': 9, 'percent_green': 0.5284906579213249, 'percent_yellow': 0.04654410912664937, 'percent_red': 0.42496523295202576},
{ 'video_year': 2000, 'video_month': 10, 'percent_green': 0.4619516421863597, 'percent_yellow': 0.08102591175822724, 'percent_red': 0.4570224460554131},
{ 'video_year': 2000, 'video_month': 11, 'percent_green': 0.4405890388802222, 'percent_yellow': 0.43849091281263347, 'percent_red': 0.12092004830714433},
{ 'video_year': 2000, 'video_month': 12, 'percent_green': 0.6879528813024409, 'percent_yellow': 0.2487692344340853, 'percent_red': 0.06327788426347372},
{ 'video_year': 2001, 'video_month': 1, 'percent_green': 0.4083938566715883, 'percent_yellow': 0.4519925868572608, 'percent_red': 0.1396135564711508},
{ 'video_year': 2001, 'video_month': 2, 'percent_green': 0.3657249995829567, 'percent_yellow': 0.2637595835469864, 'percent_red': 0.3705154168700568},
{ 'video_year': 2001, 'video_month': 3, 'percent_green': 0.5573738168818673, 'percent_yellow': 0.15467196794314486, 'percent_red': 0.2879542151749879},
{ 'video_year': 2001, 'video_month': 4, 'percent_green': 0.7941620585199204, 'percent_yellow': 0.14569814877707, 'percent_red': 0.060139792703009474},
{ 'video_year': 2001, 'video_month': 5, 'percent_green': 0.07277831770921693, 'percent_yellow': 0.8773754217155092, 'percent_red': 0.04984626057527391},
{ 'video_year': 2001, 'video_month': 6, 'percent_green': 0.48192886206240115, 'percent_yellow': 0.48487943871059247, 'percent_red': 0.03319169922700638},
{ 'video_year': 2001, 'video_month': 7, 'percent_green': 0.33261258425921186, 'percent_yellow': 0.6555795866069223, 'percent_red': 0.011807829133865818},
{ 'video_year': 2001, 'video_month': 8, 'percent_green': 0.27815948370324706, 'percent_yellow': 0.42495377543290835, 'percent_red': 0.2968867408638446},
{ 'video_year': 2001, 'video_month': 9, 'percent_green': 0.10583667573658666, 'percent_yellow': 0.5150894953606905, 'percent_red': 0.3790738289027229},
{ 'video_year': 2001, 'video_month': 10, 'percent_green': 0.49883031537339523, 'percent_yellow': 0.00575376791915757, 'percent_red': 0.4954159167074473},
{ 'video_year': 2001, 'video_month': 11, 'percent_green': 0.4876395745586356, 'percent_yellow': 0.4274230881678418, 'percent_red': 0.08493733727352264},
{ 'video_year': 2001, 'video_month': 12, 'percent_green': 0.32324785629803365, 'percent_yellow': 0.26502351468766716, 'percent_red': 0.4117286290142992},
]"></app-barchart>
<app-barchart id="chart3" [selector]="'#chart3'" [title]="'Neck Flexion/Extension'" [data]="[
{ 'video_year': 2011, 'video_month': 2, 'percent_green': 0.4457507103906675, 'percent_yellow': 0.3073150905824062, 'percent_red': 0.24693419902692637 },
{ 'video_year': 2007, 'video_month': 12, 'percent_green': 0.012770780913582956, 'percent_yellow': 0.4430675933443324, 'percent_red': 0.5441616257420846 },
{ 'video_year': 2014, 'video_month': 4, 'percent_green': 0.612762126991185, 'percent_yellow': 0.06418244229557439, 'percent_red': 0.3230554307132405 },
{ 'video_year': 2015, 'video_month': 12, 'percent_green': 0.4765058747293211, 'percent_yellow': 0.1697982241658767, 'percent_red': 0.3536959011048021 },
{ 'video_year': 2008, 'video_month': 9, 'percent_green': 0.5254989113415095, 'percent_yellow': 0.25700739103095316, 'percent_red': 0.2174936976275373 },
{ 'video_year': 1998, 'video_month': 12, 'percent_green': 0.40876433199362205, 'percent_yellow': 0.07188243275443036, 'percent_red': 0.5193532352519477 },
{ 'video_year': 2004, 'video_month': 6, 'percent_green': 0.34648319451816456, 'percent_yellow': 0.27527399359716, 'percent_red': 0.37824281188467557 },
{ 'video_year': 1997, 'video_month': 9, 'percent_green': 0.43524069055587694, 'percent_yellow': 0.1275996178043545, 'percent_red': 0.4371596916397686 },
{ 'video_year': 2016, 'video_month': 6, 'percent_green': 0.24751203938797744, 'percent_yellow': 0.19644586079386184, 'percent_red': 0.5560420998181607 },
{ 'video_year': 2014, 'video_month': 7, 'percent_green': 0.4489284273828784, 'percent_yellow': 0.34334092792223925, 'percent_red': 0.20773064469488228 },
{ 'video_year': 2006, 'video_month': 11, 'percent_green': 0.22214789453332123, 'percent_yellow': 0.22974265707442185, 'percent_red': 0.5481094483922568 },
{ 'video_year': 1993, 'video_month': 11, 'percent_green': 0.11852878708842027, 'percent_yellow': 0.4648331852287645, 'percent_red': 0.41663802768281516 },
{ 'video_year': 2003, 'video_month': 11, 'percent_green': 0.5799098713162127, 'percent_yellow': 0.09150556643284413, 'percent_red': 0.3285845622509431 },
{ 'video_year': 2016, 'video_month': 12, 'percent_green': 0.270877911067792, 'percent_yellow': 0.4378221894874988, 'percent_red': 0.2912998994447092 },
{ 'video_year': 2004, 'video_month': 2, 'percent_green': 0.3689463116853526, 'percent_yellow': 0.06473937357392735, 'percent_red': 0.56631431474072 },
{ 'video_year': 1997, 'video_month': 5, 'percent_green': 0.004675423282245627, 'percent_yellow': 0.6959453726980817, 'percent_red': 0.2993792040196728 },
{ 'video_year': 2003, 'video_month': 4, 'percent_green': 0.7586530080865089, 'percent_yellow': 0.17039778553132928, 'percent_red': 0.07094920638216178 },
{ 'video_year': 1995, 'video_month': 10, 'percent_green': 0.21762442276736285, 'percent_yellow': 0.3891390710907946, 'percent_red': 0.3932365061418425 },
{ 'video_year': 1998, 'video_month': 1, 'percent_green': 0.5639134814092712, 'percent_yellow': 0.16073257718305786, 'percent_red': 0.27535394140767094 },
{ 'video_year': 2010, 'video_month': 7, 'percent_green': 0.1882056880000386, 'percent_yellow': 0.1466592361202532, 'percent_red': 0.6651350758797082 },
{ 'video_year': 2018, 'video_month': 4, 'percent_green': 0.447845569839857, 'percent_yellow': 0.5025722065803, 'percent_red': 0.04958222357984289 },
{ 'video_year': 2010, 'video_month': 7, 'percent_green': 0.5808873398691429, 'percent_yellow': 0.3953323704120156, 'percent_red': 0.023780289718841607 },
{ 'video_year': 2016, 'video_month': 3, 'percent_green': 0.45361380346965036, 'percent_yellow': 0.18134253395147182, 'percent_red': 0.3650436625788778 },
{ 'video_year': 2020, 'video_month': 3, 'percent_green': 0.4486347094031382, 'percent_yellow': 0.29038687904001104, 'percent_red': 0.2609784115568507 },
]"></app-barchart>
